 929  483 2072 1189
 846  471 1980 1171
 771  476 1901 1174
 722  496 1848 1192
 681  503 1804 1196
 669  501 1787 1192
 645  515 1763 1206
 635  530 1742 1214
 619  524 1718 1204
 584  533 1704 1225
 568  532 1700 1231
 555  539 1672 1230
 542  534 1659 1224
 531  522 1667 1223
 514  525 1648 1225
 500  527 1634 1227
 502  525 1645 1231
 487  532 1640 1244
 478  534 1627 1243
 467  535 1621 1248
 461  533 1596 1234
 451  539 1568 1229
 435  536 1551 1225
 407  549 1522 1237
 418  554 1531 1242
 433  545 1542 1230
 421  562 1549 1259
 643  451 1758 1140
 428  574 1536 1258
 374  563 1485 1249
 403  554 1532 1252
 396  565 1512 1255
 354  550 1468 1238
 360  558 1476 1248
 358  541 1486 1238
 311  551 1443 1250
 328  552 1445 1243
 329  555 1445 1245
 313  571 1425 1258
 287  565 1401 1253
 310  561 1426 1250
 295  571 1406 1257
 268  578 1388 1270
 278  569 1407 1265
 270  569 1386 1258
 264  562 1385 1254
 266  564 1394 1261
 253  552 1387 1253
 258  546 1386 1243
 254  555 1389 1256
 251  534 1389 1237
 241  527 1383 1233
 245  530 1390 1237
 240  525 1390 1235
 230  533 1372 1239
 251  515 1398 1223
 226  534 1377 1245
 250  518 1397 1226
 259  506 1420 1223
 255  509 1422 1230
 262  509 1422 1226
 273  503 1434 1220
 251  517 1410 1233
 245  513 1405 1230
 251  508 1421 1231
 240  510 1408 1231
 248  522 1409 1240
 250  522 1411 1239
 249  517 1408 1233
 256  516 1414 1232
 259  516 1418 1232
 266  522 1430 1241
 264  515 1421 1229
 268  523 1422 1235
 273  521 1428 1234
 273  524 1426 1236
 287  529 1437 1239
 276  534 1417 1239
 290  528 1427 1231
 291  533 1428 1235
 306  525 1446 1229
 296  528 1443 1237
 299  537 1443 1244
 286  547 1434 1256
 302  529 1447 1237
 307  537 1457 1247
 299  545 1443 1252
 310  542 1452 1248
 306  551 1445 1255
 316  546 1451 1248
 324  547 1462 1249
 335  547 1475 1250
 344  553 1483 1256
 350  553 1492 1259
 359  547 1498 1251
 360  549 1501 1253
 355  557 1492 1259
 362  549 1499 1252
 360  557 1500 1261
 361  554 1497 1256
 361  554 1500 1258
 358  556 1497 1259
 370  549 1508 1251
 376  555 1519 1261
 386  574 1521 1276
 401  589 1523 1283
 411  595 1529 1285
 424  600 1541 1290
 431  601 1540 1286
 440  599 1559 1290
 434  615 1551 1305
 439  608 1558 1300
