 556   86 1056  406
 532   87 1037  410
 507  102 1005  420
484 122 987 444
453 140 956 461
425 160 921 478
403 167 904 488
389 179 895 502
379 187 885 511
367 196 877 522
362 202 870 527
351 209 858 534
332 218 840 543
327 207 842 536
288 217 796 542
319 230 828 556
303 237 806 559
292 250 792 569
274 258 768 574
293 260 782 573
292 263 777 574
301 273 788 584
307 275 789 584
306 274 785 581
302 274 784 582
302 271 783 579
290 283 776 594
305 274 795 587
300 287 792 601
313 284 803 598
328 278 818 592
330 283 824 599
329 289 823 605
340 296 822 604
342 297 825 607
339 295 816 600
337 305 814 610
338 311 815 617
347 308 824 614
340 305 818 611
325 313 802 618
313 317 794 624
321 316 803 625
322 313 801 620
325 313 804 619
324 309 804 615
324 311 807 620
319 320 795 625
328 314 807 621
331 309 814 618
327 321 807 628
324 323 800 628
323 332 794 634
315 336 782 634
319 338 784 636
277 361 740 657
264 374 725 669
267 367 726 661
265 379 725 673
267 364 726 658
216 333 680 630
234 334 699 631
197 267 665 566
