 945  198 1264  712
 943  200 1262  714
 940  201 1260  716
 936  200 1258  719
 924  192 1257  728
 920  193 1256  735
 920  203 1248  731
 917  206 1241  729
 914  211 1234  728
 911  219 1229  731
 907  223 1225  734
 898  225 1219  743
 887  229 1215  756
 874  231 1209  771
 857  232 1197  779
 842  232 1187  788
 824  231 1170  789
 808  230 1155  789
 796  227 1142  785
 789  227 1132  779
 785  227 1123  772
 781  226 1117  769
 776  221 1114  766
 773  217 1114  765
 773  213 1115  765
 774  210 1118  764
 773  205 1120  764
 776  203 1124  764
 779  198 1129  763
 779  196 1131  763
 779  192 1131  758
 779  191 1129  756
 780  190 1130  754
 782  190 1130  751
 781  191 1129  752
 780  192 1128  753
 779  194 1127  753
 779  196 1128  758
 777  200 1125  761
 775  203 1123  763
 772  205 1122  768
 770  206 1120  769
 769  207 1118  769
 767  208 1117  770
 764  208 1113  771
 761  210 1110  774
 759  210 1109  774
 758  214 1108  778
 759  219 1107  779
 761  226 1108  786
 766  233 1111  788
 771  239 1116  795
 774  243 1120  799
 778  244 1123  800
 781  243 1123  794
 768  232 1109  783
 748  221 1089  770
 729  202 1072  754
 705  185 1045  732
 684  169 1021  712
647 155 977 687
566 153 891 677
520 162 846 688
494 167 818 689
476 163 798 681
444 162 766 680
421 165 740 679
406 161 726 676
390 160 706 670
377 154 693 663
372 146 687 655
371 139 685 646
367 137 682 644
367 135 681 640
372 136 687 643
376 138 690 644
